0
1813
3995
6102
9274
13104
15396
19870
24798
27777
32414
35310
38552
41728
45464
48699
50793
52719
54319
56363
58444
59849
61611
63386
66058
68289
70199
71979
73555
75305
76569
79800
81166
82518
84600
86505
88996
90634
94271
97139
100278
104776
110925
120557
126437
133155
146817
155525
160070
165164
173358
182677
194102
208371
217669
229461
233729
235231
246577
258245
261506
270547
276037
280241
282662
284462
285842
287851
289228
291887
293586
295412
298143
300395
302268
304629
306567
309279
311264
313637
316585
323696
326957
330446
335209
339000
341781
346229
347633
349517
350946
352442
354229
355743
357220
359122
360740
362207
363643
365111
367415
369207
371676
374117
376426
378768
381409
384153
386230
389218
391311
392875
394557
397656
402433
423644
426005
429564
431977
434187
437291
440055
443624
449654
451361
453764
456610
458686
464819
469940
475782
480638
487964
498001
503408
506736
512040
521859
530811
536221
545568
550978
556749
562476
575836
577494
579046
580480
581994
583805
585305
586741
588658
590006
591714
593366
595271
598210
599622
602501
604878
608814
610764
614783
616693
621673
624581
626472
628329
630641
633147
636385
638918
641373
643493
645865
650149
652779
654680
657330
659516
662388
665333
670122
674781
679992
685626
692451
698599
701828
704848
707038
709475
711549
715362
718275
721308
723226
725334
727098
728799
730887
744311
745989
747285
749103
750485
751882
754265
756513
758981
760414
761798
764456
766127
768128
769638
771582
773051
774727
776400
778345
780139
781942
783518
785832
788162
790019
792106
794140
795648
799780
806081
811698
819246
822305
825217
827299
830385
832456
834354
836481
842162
847688
852406
855307
858942
862466
865998
868213
870790
873207
875136
877949
880590
885524
889392
891642
896328
899261
903529
907351
915292
920748
923820
927632
931344
933933
938666
946215
951795
953762
955196
960199
961693
963509
965138
966642
968358
970171
971942
973522
975460
977259
979221
982187
984381
986109
987611
989339
991556
993761
995551
997407
1000431
1003409
1006197
1011490
1014011
1022090
1029851
1033091
1036248
1039015
1041256
1043190
1045529
1047180
1048944
1051018
1052617
1054572
1056537
1059149
1066715
1074046
1079059
1081698
1086304
1092576
1097765
1099732
1105418
1109860
1113312
1117282
1122169
1123787
1126087
1128122
1132808
1134941
1140265
1143763
1146294
1151310
1156792
1163474
1173650
1179095
1181177
1184612
1187834
1190048
1192990
1195580
1197813
1200084
1201968
1204569
1210873
1213372
1218144
1221850
1223983
1226605
1229226
1231613
1233453
1235468
1237510
1239121
1241982
1243618
1245429
1246946
1248487
1250451
1252237
1253923
1255602
1257532
1259292
1260927
1264189
1266419
1270584
1272258
1274033
1276900
1279207
1281263
1285724
1287274
1289153
1290864
1292679
1294241
1296347
1298389
1301913
1305589
1308543
1310310
1311928
1314011
1323538
1325167
1329651
1331240
1332996
1335241
1337674
1340380
1343599
1347606
1353103
1357402
1359594
1361187
1363216
1364935
1370678
1373222
1376151
1377868
1379716
1381448
1383267
1385100
1390418
1407838
1412007
1417540
1421991
1424600
1427684
1430992
1436214
1437873
1442530
1448607
1451947
1456610
1464049
1473868
1475515
1478551
1486821
1493503
1496671
1499970
1507812
1515766
1519888
1523635
1525022
1527605
1530350
1531811
1535476
1539722
1542554
1544522
1546530
1548230
1550029
1551750
1557104
1561669
1564127
1573904
1579862
1581833
1590506
1596943
1610299
1617871
1634219
1645913
1655521
1663696
1669862
1678157
1679785
1682481
1691946
1700626
1714755
1732394
1747918
1762190
1770763
1787333
1795581
1801480
1807544
1809374
1816872
1820587
1823722
1831828
1835337
1840853
1847782
1860576
1865563
1868385
1875178
1879728
1885887
2011943
2013529
2015149
2016975
2019444
2025519
2032537
2035499
2038917
2043430
2048328
2053735
2057896
2061453
2064029
2065639
2067063
2069167
2070962
2072701
2075018
2076641
2078371
2081010
2082669
2084572
2086611
2088031
2089625
2091304
2094795
2097821
2100104
2106008
2109910
2117453
2122239
2129953
2133572
2136094
2137750
2144367
2154640
2168615
2177227
2180837
2189351
2196393
2202141
2211938
2224354
2233029
2237191
2249215
2253180
2259785
2265371
2269317
2279454
2286010
2295999
2303670
2312135
2316768
2328376
2333507
2336891
2339048
2341275
2344085
2346362
2348559
2350569
2352853
2354547
2357336
2360666
2362198
2366312
2371636
2373061
2375090
2376583
2378396
2380073
2381774
2384442
2386052
2387572
2392466
2394229
2396352
2399800
2402386
2404476
2407378
2411204
2412982
2414741
2416119
2417693
2419116
2420432
2422414
2423924
2425394
2429116
2432980
2435304
2438467
2441526
2443965
2446171
2448435
2451827
2454047
2455875
2457919
2459818
2463050
2466346
2469433
2474735
2477281
2479462
2481875
2483519
2485661
2487609
2489618
2491216
2492892
2494538
2496171
2497839
2500106
2504112
2506283
2510155
2512264
2516194
2518533
2520770
2522219
2524399
2526404
2528614
2530411
2535099
2539350
2543346
2550315
2554163
2558141
2560485
2562608
2566632
2573269
2585051
2596711
2602798
2610016
2616455
2622655
2626293
2629895
2633641
2642056
2652259
2654905
2657708
2663839
2674295
2685911
2694381
2697225
2706138
2708612
2714504
2721088
2728292
2735246
2740884
2742629
2744057
2745944
2748483
2752857
2755672
2757449
2760991
2765246
2771111
2773556
2776900
2779818
2788751
2795896
2803046
2808571
2811651
2815166
2820879
2824539
2827124
2832366
2836276
2843746
2856752
2859920
2873117
2878725
2883731
2888020
2895017
2900640
2909635
2912767
2921091
2924288
2926242
2934177
2936994
2941455
2944364
2945994
2949665
2953037
2955293
2957796
2963775
2965438
2967259
2969029
2972088
2973914
2975920
2978559
2980048
2981602
2983637
2985749
2987679
2989120
2993490
2994970
2999170
3000671
3002216
3003828
3005502
3007138
3008695
3010634
3012631
3014148
3015514
3018690
3020488
3022442
3024422
3026778
3028635
3031056
3034731
3039703
3045751
3050099
3054309
3055903
3061247
3067782
3070158
3081190
3083815
3086087
3088481
3091707
3094885
3102141
3109992
3115078
3121050
3124234
3127615
3131862
3144789
3146707
3149081
3153173
3163390
3170891
3178267
3184955
3191929
3197758
3199784
3201960
3212084
3220259
3260192
3262237
3264415
3266653
3268270
3271243
3272768
3276772
3279780
3282068
3287732
3289177
3290788
3292403
3293991
3295442
3297069
3298625
3300540
3302009
3303337
3305529
3308428
3311292
3315285
3317278
3319320
3322711
3324437
3326863
3332690
3342109
3349601
3358386
3369988
3380034
3382230
3386902
3391469
3397648
3400879
3410900
3421386
3427063
3430312
3438535
3440438
3447940
3451416
3459186
3469269
3476663
3480806
3484429
3486537
3489575
3491954
3498329
3502749
3505152
3507118
3509383
3511502
3513566
3515166
3516865
3518910
3522238
3525703
3528446
3531487
3533250
3534949
3536754
3538596
3540238
3541782
3543285
3544687
3546337
3547787
3549346
3552017
3554460
3557979
3560420
3564852
3574184
3580900
3584543
3590482
3594920
3600064
3606172
3608401
3611817
3614311
3616449
3618190
3620193
3621740
3623187
3625718
3628317
3630989
3633093
3635375
3636743
3638106
3640899
3642574
3644313
3646418
3650322
3655964
3660633
3665795
3672808
3675631
3679227
3682132
3685175
3687054
3689293
3692480
3696556
3702740
3704414
3706591
3709010
3711320
3713522
3715294
3718193
3727141
3731503
3738449
3745807
3754512
3762423
3765353
3768510
3770945
3773885
3776651
3779060
3781602
3788104
3796702
3803459
3811542
3815293
3825121
3827410
3830484
3833026
3835115
3838637
3845934
3851563
3858114
3860133
3862448
3865572
3868107
3870336
3873806
3880146
3883035
3888420
3891614
3893631
3895472
3901324
3907211
3916394
3924268
3934656
3939966
3944200
3951017
3961485
3964661
3974256
3979055
3983261
3984863
3987041
3988787
3990550
3991858
3993561
3995422
3997241
3998756
4000568
4003400
4007344
4011030
4013228
4019334
4021383
4023842
4026254
4028649
4030725
4032657
4036137
4037923
4041193
4044679
4046967
4051327
4056205
4058166
4062460
4068968
4071263
4073096
4075063
4076916
4080108
4084376
4090531
4094291
4097902
4107880
4112415
4118448
4124049
4128431
4131619
4133562
4135586
4143242
4148558
4152753
4159084
4167521
4175401
4179982
4182757
4186277
4190174
4200428
4206411
4212159
4218984
4228747
4238605
4245051
4250975
4254349
4259536
4267438
4271252
4273678
4275409
4277106
4281150
4284573
4288049
4292040
4299462
4301982
4316022
4322681
4324691
4328052
4334420
4341239
4343884
4350550
4355725
4359492
4370873
4378889
4386824
4388471
4393104
4397586
4402318
4405547
4407692
4409764
4420502
4436451
4438653
4455868
4465091
4469054
4475224
4482862
4487558
4491943
4504662
4524872
4540186
4551436
4555193
4561100
4568879
4574401
4581568
4595533
4606310
4616601
4624818
4640009
4644805
4654048
4663153
4675280
4690759
4699344
4707275
4709784
4717504
4721703
4727302
4729850
4735653
4740606
4743040
4744777
4749894
4752642
4765075
4771764
4775422
4778964
4822651
4825587
4827526
4829529
4832379
4835097
4837093
4838808
4841364
4846501
4848559
4850486
4856145
4860832
4865221
4869684
4872197
4875136
4885455
4888847
4891705
4893151
4897195
4899714
4907086
4911237
4917104
4922016
4923859
4925437
4928057
4930180
4932280
4934721
4939042
4943527
4953059
4957024
4960909
4965261
4968946
4971725
4974980
4977721
4979640
4982543
4986385
4988987
4991955
4995350
4997121
4998953
5000700
5002079
5003669
5005169
5006568
5008541
5010563
5012671
5014500
5016633
5018214
5020092
5022838
5025411
5027258
5028983
5031580
5032923
5034234
5035733
5038246
5041075
5043638
5048791
5051209
5053507
5055370
5057340
5060191
5063947
5067674
5070799
5073943
5076128
5078143
5079649
5081880
5083663
5085699
5089046
5092465
5097823
5099275
5103396
5107148
5112412
5117731
5124107
5126673
5128662
5131822
5133751
5135358
5137638
5141121
5143093
5145460
5147298
5150168
5153412
5155543
5157213
5159156
5161158
5163247
5165537
5167237
5169774
5173210
5178003
5179317
5180733
5182107
5183698
5185037
5186368
5187790
5189577
5191245
5193701
5195257
5198645
5200515
5203174
5205470
5208169
5209995
5211846
5213203
5218136
5222876
5227217
5233267
5236483
5239002
5246136
5262417
5272789
5275862
5277400
5281285
5910916
5913698
5915793
5917889
5921579
5925459
5928131
5931123
5933494
5935539
5937088
5939771
5943226
5951845
5958785
5962900
5968326
5973644
5975873
5977305
5978622
5979960
5981281
5983296
5984763
5986179
5987662
5989266
5990922
5992482
5994328
5996168
5997990
5999586
6001591
6003218
6004662
6006374
6007991
6020198
6025066
6047413
6052512
6092299
6102278
6106266
6120224
6130547
6135365
6147653
6151355
6163484
6169218
6182953
6186508
6195739
6209642
6221231
6235120
6245643
6253041
6260552
6270129
6272713
6280107
6283784
6289818
6297009
6298873
6300277
6302397
6304969
6307407
6309371
6311219
6313828
6315561
6317031
6318669
6321115
6323399
6326043
6330490
6337983
6345189
6348906
6354085
6359530
6367875
6373145
6382609
6394974
6396931
6399879
6403932
6407690
6409925
6412269
6417230
6420919
6423495
6425286
6428554
6431530
6435283
6437816
6439923
6442626
6444936
6446965
6448553
6450172
6453165
6454831
6456627
6459264
6461040
6464043
6465617
6467129
6468742
6470252
6471786
6473566
6475937
6477333
6479191
6480931
6482572
6484001
6485780
6490087
6493362
6497391
6498736
6506614
6508106
6517958
6521168
6525930
6528523
6532533
6534976
6542575
6547785
6553532
6561374
6565116
6569429
6572196
6574503
6576958
6579057
6581309
6585210
6591259
6602449
6605302
6609755
6618585
6624242
6629986
6631463
6633662
6635237
6637023
6638658
6640840
6642369
6644197
6646485
6649308
6651162
6652593
6654419
6656761
6660238
6671235
6673993
6680642
6685782
6696440
6707296
6714875
6717522
6720416
6723185
6725398
6728070
6729996
6733957
6738731
6748071
6752796
6761525
6769481
6786299
6793017
6800778
6809270
6814014
6820302
6826920
6833579
6836272
6842794
6850735
6861392
6865761
6877783
6887287
6893673
6901774
6911078
6916247
6926101
6936151
6938797
6942193
6944370
6945877
6947668
6949261
6950798
6954521
6956141
6957720
6959252
6960855
6962650
6964540
6967867
6969375
6971641
6973871
6975694
6977802
6979742
6982708
6984744
6987849
6990372
6993160
6995690
6997378
6998853
7000429
7002289
7004368
7006312
7008013
7010145
7040308
7041800
7044240
7046883
7050029
7052414
7055025
7057512
7062722
7067518
7070438
7075141
7078833
7080447
7081878
7083258
7084778
7086493
7089646
7092723
7097718
7105430
7110409
7114747
7121747
7125557
7135404
7141867
7145843
7149870
7154234
7159282
7166697
7169554
7174640
7179417
7183450
7186030
7187638
7189455
7191676
7193258
7196272
7200322
7202928
7204770
7206778
7208543
7212040
7229932
7232474
7233804
7235941
7238079
7239439
7240937
7242955
7244659
7247233
7249224
7251553
7253156
7255527
7257953
7261865
7266320
7270955
7275247
7277942
7280605
7283364
7285575
7287678
7290023
7295032
7297090
7299234
7301641
7304865
7307794
7310726
7314317
7317709
7322924
7325188
7331338
7333417
7335560
7339400
7341138
7343350
7346131
7347848
7352861
7356207
7361626
7367466
7369951
7371358
7373469
7376437
7380657
7382914
7386532
7391592
7394860
7400436
7404002
7415304
7417973
7420546
7422223
7424114
7425736
7427756
7429990
7432171
7433856
7435537
7437278
7439765
7441864
7446013
7449542
7453087
7456970
7461958
7465241
7468425
7471421
7480019
7488722
7493165
7495058
7496666
7498273
7500311
7502228
7504198
7508062
7511362
7515624
7518490
7521413
7523445
7526687
7530043
7532852
7534765
7537583
7539090
7541570
7543998
7546765
7551938
7556153
7562016
7575136
7590480
7600084
7606387
7612100
7614162
7615852
7617405
7619278
7620910
7622925
7624544
7626414
7627955
7629312
7631479
7633298
7634728
7637293
7638708
7640415
7641932
7644370
7646553
7648247
7649982
7651944
7654164
7655706
7657967
7660561
7663004
7665525
7668055
7670654
7672154
7676985
7682646
7688358
7691451
7695153
7699002
7701826
7705573
7708352
7711428
7715490
7718904
7722321
7725342
7727132
7729434
7731726
7734225
7735976
7740601
7745101
7747012
7750774
7755043
7765912
7776281
7781582
7789353
7798980
7802012
7807950
7810076
7815087
7817384
7819210
7821656
7823796
7827849
7830937
7832365
7835528
7837226
7838994
7841256
7843334
7845853
7848437
7851290
7852654
7854723
7858088
7859907
7861689
7863305
7865435
7868154
7869779
7873110
7874657
7878872
7882640
7884537
7889277
7895583
7900146
7907265
7912948
7915951
8043830
8045793
8047629
8049248
8052246
8055417
8056864
8058412
8059894
8061562
8063898
8065547
8067174
8068628
8070487
8072525
8074491
8076506
8079152
8081312
8082658
8084575
8086612
8088006
8089486
8091327
8093179
8094677
8096625
8100418
8104523
8108127
8112068
8113826
8116114
8117747
8120511
8122638
8124422
8126533
8128584
8130248
8132426
8133945
8135528
8137636
8139159
8141032
8143182
8145479
8147478
8149098
8150935
8152616
8154153
8155623
8157215
8158805
8160851
8164103
8165867
8169625
8171115
8175387
8177593
8181152
8184340
8188426
8192042
8195387
8197061
8198609
8201049
8202773
8208357
8211405
8215677
8217742
8222439
8226508
8236950
8242332
8246871
8254437
8258074
8261052
8264232
8267058
8273418
8276630
8279631
8283107
8285221
8288124
8289597
8394499
8396471
8398684
8400175
8401955
8404621
8406389
8408280
8410390
8412048
8414034
8416405
8418910
8421221
8422954
8424808
8426576
8428505
8430792
8432719
8434192
8435951
8437553
8439127
8441397
8442796
8445353
8451880
8458793
8465146
8466825
8470169
8471608
8474448
8476096
8478553
8480130
8481575
8482889
8485048
8486832
8488761
8490515
8492224
8493864
8495967
8497738
8500179
8501751
8504032
8506210
8512230
8516849
8521781
8525206
8530244
8536516
8544173
8547034
8548994
8550944
8552777
8554375
8556096
8557575
8559075
8560396
8562858
8564247
8566490
8568261
8569739
8571433
8573415
8575027
8577498
8578896
8580860
8584091
8585979
8589460
8591549
8593302
8596893
8600198
8602829
8604552
8606045
8608602
8610411
8613037
8615062
8618957
8623006
8628554
8633095
8640565
8645815
8650216
8654703
8660813
8672836
8679517
8680855
8682902
8684483
8686434
8688428
8689782
8691621
8693183
8694633
8697439
8698801
8700387
8702281
8704149
8706434
8708826
8711875
8713719
8715515
8717706
8723644
8729115
8735708
8743154
8752197
8758544
8764750
8770278
8780501
8788489
8799480
8808959
8815821
8825802
8831040
8836361
8844342
8852076
8862603
8869856
8871504
8879164
8885452
8891346
8900978
8907634
8911684
8916444
8919118
8921504
8924077
8930352
8933677
8935233
8936727
8940219
8942342
8945033
8946762
8949535
8951937
8955019
8957013
8959840
8961593
8963765
8966230
8969910
8972357
8974100
8975880
8978462
8986396
8988718
8991386
8993738
8997028
8999398
9002276
9005687
9007390
9012197
9015269
9019826
9023857
9026495
9030133
9032378
9037101
9039462
9041664
9043782
9045410
9047306
9048883
9050335
9052286
9055622
9058265
9061143
9064109
9067518
9070028
9072565
9074449
9081021
9088813
9095241
9100368
9104257
9107217
9110873
9114453
9116375
9117845
9119138
9120922
9123123
9125550
9128434
9131154
9134258
9135811
9137861
9139785
9141754
9143339
9144820
9146607
9148111
9149504
9150873
9152296
9153780
9155795
9157566
9159531
9161822
9164002
9165834
9168313
9169808
9171541
9173013
9175480
9177602
9180312
9184687
9186910
9198713
9203145
9207260
9210127
9212823
9215731
9218046
9221047
9226936
9232260
9239763
9245261
9254159
9280408
9286588
9289263
9299323
9306434
9311716
9316825
9320093
9322433
9324253
9333191
9334843
9336560
9339252
9342184
9345991
9348978
9351818
9354462
9356303
9358853
9361868
9365449
9368619
9374985
9383590
9389863
9397668
9404414
9412322
9421249
9426427
9433193
9443554
9448920
9452254
9456738
9462087
9469180
9474215
9478660
9483996
9489311
9493108
9497815
9501591
9504557
9506286
9507954
9509716
9511473
9513734
9579325
9581548
9584171
9586382
9588833
9591230
9593036
9595110
9597790
9599350
9600793
9602498
9604323
9606687
9609439
9612398
9614819
9617028
9618916
9623090
9625831
9629897
9632573
9635437
9639330
9642365
9644785
9647591
9650693
9653452
9655821
9659774
9661508
9663828
9666242
9669086
9671969
9674794
9676424
9678472
9681306
9684168
9687204
9689593
9692894
9696146
9699683
9701495
9703239
9704514
9706160
9707964
9710658
9712044
9713693
9715186
9716969
9718552
9719943
9721640
9723449
9725071
9726518
9731655
9735105
9740438
9743823
9746911
9750133
9751548
9753275
9754910
9758680
9760047
9761475
9763618
9765220
9766848
9769550
9772296
9776004
9778667
9781176
9784408
9789814
9797312
9803185
9805521
9807700
9810558
9813224
9815673
9817689
9819346
9820841
9822196
9823669
9825125
9827553
9829265
9830871
9833064
9835517
9837042
9838950
9840514
9842165
9843588
9845616
9847319
9850964
9856813
9859377
9861353
9863082
9864545
9866209
9867656
9869467
9871277
9872770
9874644
9876671
9878888
9880543
9881999
9883928
9885553
9887568
9889457
9891400
9893084
9894499
9896588
9898277
9900419
9902443
9904449
9906497
9908328
9909870
9911372
9913150
9914644
9916322
9917731
9919388
9921820
9924139
9926596
9928882
9930719
9933493
9935522
9937139
9939343
9941208
9943259
9945057
9946850
9948456
9950064
9951521
9954588
9956912
9958696
9960835
9963634
9965690
9968963
9974103
9976147
9977591
9979695
9981669
9983908
9985569
9986948
9989020
9991003
9993402
9996046
9998035
10000053
10002395
10004137
10005923
10007521
10009128
10010664
10013584
10015370
10016852
10018241
10019723
10021265
10022790
10024275
10025620
10027124
10029439
10031704
10033448
10035338
10036838
10038694
10041342
10042983
10044433
10046408
10049190
10051955
10055744
10058498
10062741
10066755
10069112
10071099
10072687
10075363
10078580
10083560
10085772
10087884
10091764
10094447
10097532
10100284
10104968
10109713
10113165
10117805
10121714
10125195
10128302
10131304
10133225
10137191
10140587
10144839
10150538
10154469
10156639
10159419
10163704
10166934
10170328
10173393
10176043
10178726
10181166
10183824
10186403
10199417
10204628
10208468
10214410
10216205
10219655
10222531
10226252
10231203
10232909
10234972
10237439
10239254
10241594
10243519
10245875
10248175
10250491
10252407
10253894
10255534
10257265
10259691
10262412
10265646
10267817
10270554
10272836
10274782
10279912
10286328
10290098
10295604
10300557
10304775
10307172
10311299
10323615
10332558
10335325
10344610
10351633
10359488
10365553
10368892
10372400
10376842
10378972
10386215
10388801
10391899
10394467
10634565
10635996
10637315
10638688
10641190
10643146
10644440
10645939
10647284
10648723
10650240
10651969
10653548
10655256
10657590
10660423
10663542
10666396
10668524
10670612
10672469
10726652
10728389
10732699
10734746
10736291
10738083
10739708
10741309
10743657
10745163
10746775
10748554
10750654
10756026
10762597
10767216
10772238
10775685
10782557
10787989
10793565
10800898
10807045
10817218
10824346
10835815
10839599
10843500
10847038
10849569
10852606
10854974
10857214
10860352
10862741
10865693
10871529
10875930
10877657
10879953
10887256
10890201
10893363
10922089
10924586
10933554
10937075
10948132
10959788
10968590
10974863
10976890
10980236
10984108
10987830
10991485
10994624
10998384
11001679
11004546
11007775
11013174
11017772
11020442
11023231
11025041
11027063
11029502
11032076
11034661
11037888
11040163
11041931
11043636
11047456
11049891
11051836
11053955
11057494
11061243
11063022
11064900
11066709
11068530
11070198
11072457
11074718
11076664
11078391
11081393
11084131
11086096
11088149
11091463
11094943
11097444
11104232
11107333
11109538
11112981
11117710
11122768
11127756
11133483
11140125
11146463
11150057
11152590
11158967
11161326
11167664
11173955
11181692
11188729
11193219
11197901
11202352
11208956
11217196
11226478
11231277
11241382
11257235
11270704
11289105
11305646
11316880
11321918
11324466
11329066
11332329
11334755
11336654
11345876
11358773
11371396
11382400
11386110
11392067
11397919
11400949
11403570
11408836
11415656
11418234
11432309
11453094
11472699
11489990
11505745
11515536
11538856
11555065
11564968
11580960
11592008
11604853
11609280
11615229
11621372
11623642
11626650
11631405
11637843
11642555
11648427
11654601
11660138
11664850
11673106
11678262
11682539
11686642
11695455
11706134
11709817
11734021
11740308
11751761
11767414
11781180
11785511
11792367
11798143
11807661
11816130
11835127
11853904
11871459
11889993
11896075
11902985
11905856
11908378
11914287
11924525
11945990
11965188
11979259
11997225
12022882
12032442
12042818
12053846
12065239
12074360
12079712
12081319
12084963
12087875
12090103
12092809
12096361
12098544
12104596
12110687
12113724
12117676
12121978
12123283
12124771
12127242
12129076
12131194
12133176
12135273
12137076
12138759
12140186
12141948
12144464
12147477
12150812
12152167
12155542
12156930
12158964
12161410
12162855
12166545
12171218
12176076
12181133
12354830
12357218
12359605
12362135
12365337
12368388
12370860
12373598
12377964
12379686
12382955
12385928
12394731
12401142
12406707
12412839
12421025
12426059
12433025
12434594
12447103
12450907
12455621
12460244
12462188
12464620
12466879
12468732
12471123
12474863
12479070
12484115
12488871
12490641
12492501
12493967
12495737
12497852
12500204
12502282
12503775
12506774
12508579
12511876
12513505
12516591
12518258
12519800
12521350
12523957
12527722
12532097
12534838
12538038
12541070
12544004
12546580
12553165
12561158
12567650
12576012
12582503
12585396
12591326
12604942
12616592
12626629
12640558
12642436
12645440
12651399
12654525
12656009
12659705
12662824
12671115
12674841
12678760
12680809
12685361
12689577
12693201
12730058
12731731
12733875
12735878
12737573
12739410
12741174
12742827
12744319
12745667
12747351
12750887
12753116
12755610
12759326
12761522
12763039
12764853
12766840
12769493
12771091
12773892
12778969
12784809
12796636
12809900
12817128
12833184
12844672
12851571
12860242
12866829
12872871
12880331
12884106
12885882
12887301
12888842
12890359
12891991
12893857
12895731
12897849
12899460
12902784
12904266
12906813
12908308
12909714
12911219
12912481
12914120
12916147
12917714
12921084
12922575
12923911
12925797
12927066
12931067
12934458
12939893
12943099
12946379
12949328
12952642
12953973
12955843
12958149
12960511
12961972
12963499
12969229
12975234
12977486
12982533
12992268
13009433
13017480
13021630
13030099
13036609
13046678
13057335
13071348
13074685
13076601
13078652
13088328
13090252
13097933
13102488
13106040
13111486
13134659
13139204
13145051
13150374
13154952
13162989
13168168
13169826
13171641
13173722
13176220
13178287
13179991
13182773
13185320
13187995
13190973
13193422
13195164
13198254
13199769
13201777
13203362
13205174
13206780
13208336
13210146
13212011
13213444
13215356
13217130
13218977
13221284
13223254
13225314
13228076
13230780
13233050
13235003
13237375
13239170
13241112
13243232
13245249
13247530
13249496
13252438
13263983
13275139
13281886
13288037
13293804
13297229
13300930
13302581
13304116
13305448
13308355
13309753
13312234
13313670
13315971
13317823
13319309
13320712
13322919
13324898
13328388
13331897
13335820
13340327
13352843
13356378
13364333
13369221
13378092
13386225
13392607
13399346
13407996
13416602
13425459
13442953
13460256
13466877
13474214
13484480
13492762
13499554
13507484
13521900
13542831
13562579
13566483
13572689
13581974
13598012
13609711
13614545
13626150
13643797
13650089
13652878
13664799
13671234
13680308
13689907
13692163
13700018
13704684
13708613
13710527
13713484
13716028
13717685
13722464
13725122
13727045
13729619
13731954
13734806
13738029
13741611
13748447
13752943
13755109
13758870
13762987
13771520
13778145
13780176
13783862
13787846
13791715
13796396
13799970
13809257
13815155
13823560
13828525
13842003
13848290
13855670
13862987
13877644
13884313
13891738
13893197
13894676
13896648
13898438
13900657
13902867
13905109
13907138
13910272
13917147
13924192
13937814
13944844
13948316
13955673
13959695
13970942
13978972
13984771
13991791
13997656
13999686
14002298
14004712
14008150
14009949
14011574
14013474
14015448
14017323
14018969
14021080
14022986
14024845
14026611
14028156
14029683
14031272
14033109
14035073
14036802
14038915
14041345
14043575
14045180
14047344
14049511
14051784
14053454
14055214
14057675
14059660
14066615
14068871
14071604
14074855
14077927
14083884
14088041
14090996
14094047
14096735
14101391
14104859
14107816
14111573
14114256
14117689
14120534
14122772
14125864
14128008
14129625
14131275
14135841
14137582
14142899
14147489
14149561
14151597
14153597
14155710
14157531
14160001
14161870
14163714
14165583
14167413
14169033
14171271
14172647
14173975
14175522
14178900
14183842
14188702
14191686
14194677
14198172
14199795
14201269
14202715
14204420
14206216
14208117
14210488
14212850
14217025
14219259
14222806
14225472
14227736
14229758
14231621
14233240
14235172
14238168
14240931
14245151
14247168
14249282
14252950
14257406
14260999
14263544
14266768
14270424
14274660
14276538
14278905
14282597
14285131
14289708
14294877
14299098
14301477
14303942
14305673
14307582
14309439
14311471
14313188
14314904
14317012
14320748
14326993
14333029
14339944
14341831
14343885
14351556
14361232
14369837
14378826
14392916
14402672
14404375
14406975
14409834
14411572
14744602
14746485
14748911
14750835
14753163
14754750
14756130
14757744
14759477
14760949
14763072
14765277
14767097
14769529
14771773
14773978
14776521
14778874
14782351
14785538
14788728
14790898
14792316
14796048
14799983
14804522
14810073
14817002
14819163
14821618
14823150
14824966
14826618
14828539
14831116
14832439
14835407
14836944
14838352
14840394
14843844
14845925
14848194
14850817
14855099
14857843
14909280
14913526
14914961
14916927
14918740
14920457
14922133
14923721
14925526
14927343
14929042
14930685
14932145
14935160
14937307
14939021
14943274
14945786
14948763
14950643
14953493
14955428
14957207
14959311
14962437
14964178
14966665
14969115
14973884
14977242
14979405
14982711
14986193
14990957
14997427
15002675
15009758
15023032
15028344
15043690
15061029
15065293
15066775
15081033
15093839
15113810
15143757
15152189
15161782
15167763
15173860
15194785
15210093
15235453
15246895
15285924
15296463
15307515
15319302
15322962
15333955
15339534
15352723
15365477
15380638
15398819
15412644
15427563
15458535
15461590
15471277
15477407
15484504
15493095
15498576
15500150
15510358
15514501
15518698
15520865
15523930
15527114
15531966
15537772
15540953
15543245
15546619
15553821
15562667
15571782
15583366
15593454
15603200
15606311
15610991
15618815
15626207
15635089
15647020
15654659
15671865
15680904
15688552
15694332
15703374
15708024
15712841
15718118
15725743
15731591
15738929
15746241
15752007
15757653
15762191
15765476
15801363
15802773
15804124
15805615
15807329
15808746
15810548
15812395
15813805
15815162
15816582
15825352
15831354
15836884
15840506
15842154
15844759
15846282
15847659
15849558
15851463
15857361
15865612
15868222
15870963
15873252
15874802
15876834
15879073
15880886
15882274
15883780
15885149
15887028
15888931
15890537
15893953
15895799
15898168
15900487
15902500
15904381
15906101
15908477
15909952
15911533
15917527
15919580
15921509
15923882
15926153
15928033
15929746
15933597
15936156
15938078
15939968
15941908
15945205
15948042
15950065
15951915
15953744
15955764
15957828
15960680
15962542
15964142
15965525
15967097
15968595
15970447
15971865
15973205
15974948
15976647
15979301
15983255
15986256
15996599
16010551
16015463
16025016
16034001
16041087
16042411
16043881
16045661
16048883
16051620
16053431
16054857
16056372
16058962
16062209
16065537
16067125
16068641
16069990
16071773
16073396
16075001
16076488
16077976
16079809
16081891
16083804
16085335
16086773
16088261
16090055
16092110
16093931
16095758
16097476
16100066
16107099
16108582
16110056
16111764
16114078
16116414
16118634
16120690
16122637
16124472
16126094
16129042
16132415
16135131
16137339
16139294
16144009
16147259
16150080
16155722
16158041
16162319
16172479
16177356
16181587
16186523
16192463
16194559
16200793
16204665
16206479
16208752
16211507
16219980
16222154
16225338
16233024
16247281
16250519
16264398
16274233
16282794
16285427
16293469
16297339
16303305
16306483
16311926
16314567
16317002
16321698
16324131
16331895
16336898
16345101
16352682
16356133
16363610
16367895
16376381
16379442
16386991
16391541
16403626
16409088
16419578
16425874
16428655
16437592
16445612
16458109
16468337
16471627
16474962
16478294
16481709
16484061
16485710
16491198
16494284
16496442
16500947
16503084
16505355
16507234
16509784
16512153
16513769
16515274
16517776
16519577
16522255
16524523
16528515
16531244
16533756
16536383
16621022
16622315
16623695
16625106
16626638
16628046
16629956
16632272
16633839
16637109
16638672
16640547
16641963
16643834
16647737
16650560
16652862
16654844
16658174
16661440
16663646
16666449
16668388
16670435
16672200
16675320
16682513
16687114
16688962
16693667
16695817
16704308
16706673
16712324
16714662
16719507
16721683
16727038
16732031
16734804
16737851
16740004
16743154
16746284
16749814
16752325
16761240
16767046
16772844
16775614
16778895
16781196
16786190
16794027
16800749
16804613
16806994
16810724
16815121
16820339
16824894
16831296
16838197
16843102
16847142
16850607
16852526
16854043
16855430
16857210
16858498
16859945
16861282
16863175
16864592
16866372
16868659
16871375
16872932
16874396
16876136
16877832
16881794
16884501
16886651
16888733
16890798
16893492
16899692
16901213
16906224
16912024
16916330
16921126
16927081
16929661
16938527
16949222
16955176
16966728
16981116
16989148
16998827
17002685
17009770
17024992
17039609
17051585
17064942
17087494
17095291
17103625
17107271
17112996
17124618
17127777
17140030
17152991
17159148
17171833
17175840
17179190
17182030
17186292
17189295
17191985
17194385
17199095
17206854
17224577
17226191
17234052
17241364
17244623
17252163
17257041
17266676
17272646
17297137
17324855
17335713
17357509
17369915
17374125
17376647
17381485
17384082
17387181
17391362
17393922
17396800
17398359
17400318
17401974
17404201
17406576
17413098
17415568
17418523
17421264
17424541
17430374
17432425
17434907
17437949
17444241
17448031
17449751
17452477
17457923
17464540
17470014
17479136
17490333
17495308
17500650
17507401
17779831
17782051
17783967
17786310
17788607
17793118
17798594
17800961
17803042
17805514
17806933
17808530
17810075
17811694
17813356
17815348
17817137
17821856
17824672
17827948
17830595
17832958
17835563
17837159
17838899
17840704
17843369
17846562
17850808
17852079
17853689
17855340
17856787
17858838
17860631
17862615
17863982
17866168
17867854
17869322
17870964
17872512
17874359
17876126
17878053
17880294
17881930
17883567
17884984
17887323
17889813
17892375
17894219
17896438
17898631
17900164
17903323
17906982
17911967
17914989
17920203
17925464
17928516
17931867
17938740
17944323
17948726
17951390
17956190
17961580
17967083
17971265
17974682
17979391
17988038
17990576
17992836
17999490
18010803
18013380
18016768
18025938
18034546
18039046
18045482
18053255
18062560
18071131
18082476
18091514
18094325
18098326
18105968
18109430
18111844
18121350
18126076
18143239
18147921
18156837
18158362
18160300
18161578
18163000
18164415
18165802
18167100
18168559
18169984
18171418
18172903
18174212
18175603
18176955
18178295
18180102
18182026
18184260
18186575
18188913
18190355
18194408
18195715
18198038
18199728
18201686
18203012
18205161
18206658
18207942
18209459
18210895
18213489
18217117
18220715
18225523
18231177
18236990
18242822
18247792
18253733
18260791
18266689
18271447
18275734
18278827
18281697
18286270
18289561
18292309
18294239
18298148
18301364
18303647
18306327
18308875
18310774
18313197
18315568
18316997
18318409
18320323
18322004
18323797
18325559
18327984
18329546
18330967
18332568
18336841
18340346
18344141
18347984
18351922
18356378
18359543
18361370
18366644
18371626
18373605
18375643
18377577
18379564
18382285
18383996
18385503
18387137
18388965
18390570
18392033
18393777
18395311
18396920
18398349
18400117
18402252
18403936
18405357
18406765
18408491
18410051
18411748
18413609
18415499
18417136
18418655
18420461
18422239
18424164
18426792
18429818
18433530
18435279
18438988
18441678
18443603
18445557
18447545
18450368
18452607
18456194
18458358
18460648
18462899
18465043
18468414
18470108
18471927
18475505
18484275
18488178
18490010
18493457
18499542
18502917
18505026
18507954
18511409
18515364
18522068
18524872
18528956
18532595
18539312
18546589
18550092
18553269
18558256
18561917
18563471
18567772
18573196
18575815
18578522
18581738
18584587
18588606
18598917
18603355
18606272
18613421
18622564
18628998
18632630
18635103
18637748
18647875
18651911
18654252
18656782
18660080
18663267
18665146
18667407
18669545
18671747
18673202
18675967
18678281
18680745
18683919
18689637
18699669
18704607
18709640
18715961
18734436
18742223
18747580
18753097
18771311
18774502
18776756
18778174
18780612
18783241
18787045
18789601
18791322
18793031
18795677
18798937
18802042
18805163
18806937
18809214
18811370
18813121
18814855
18817318
18821227
18822830
18824308
18826085
18830267
18833095
18834917
18836730
18839992
18845156
18847242
18857208
18872745
18881106
18888752
18894691
18897306
18901000
18903005
18907516
18909567
18911732
18917776
18926156
18936587
18940953
18956063
18958652
18968197
18973003
18979436
18985960
18991886
18993339
18994797
18997081
18999219
19002170
19005727
19009286
19013225
19017587
19019599
19023035
19027483
19031445
19034669
19036573
19038504
19040267
19041647
19046324
19052018
19058627
19061951
19070188
19076277
19083096
19087969
19093347
19098768
19101086
19102891
19110765
19116118
19130438
19135048
19137981
19141754
19146446
19149399
19152699
19156482
19160875
19163775
19165455
19167482
19171725
19174357
19176296
19178972
19182008
19184579
19189675
19197441
19201179
19204848
19206423
19208208
19209652
19212040
19213961
19215447
19218748
19220380
19224862
19226693
19228377
19230970
19233028
19236073
19238156
19240467
19245819
19247832
19253465
19262237
19266376
19271609
19274035
19275726
19288234
19295029
19298077
19313809
19318863
19322088
19326126
19332256
19333961
19336029
19337463
19340392
19341989
19343407
19345109
19346559
19348070
19350107
19352034
19353344
19355565
19357643
19359501
19360942
19366177
19369993
19371527
19373150
19376656
19378637
19381021
19387435
19390390
19392208
19394768
19397532
19400246
19402473
19404920
19406577
19408556
19411137
19415142
19419986
19424005
19427743
19431538
19439977
19443521
19446613
19449027
19451477
19454199
19457492
19460698
19464242
19466858
19468627
19471383
19482071
19486410
19489655
19494850
19499950
19501795
19509555
19531961
19535075
19538674
19552975
19555523
19561797
19563203
19565948
19568387
19572427
19575914
19578438
19581866
19585193
19589421
19591739
19595351
19598898
19602531
19611359
19619145
19628207
19630136
19631807
19633577
19636281
19640037
19642600
19645550
19647956
19652405
19657264
19659846
19661346
19662999
19667059
20057828
20061991
20066894
20069471
20077245
20084481
20085820
20088004
20089975
20091851
20093164
20095669
20098390
20100018
20101761
20103522
20106522
20114518
20116433
20117888
20119635
20121758
20123887
20125695
20127816
20129662
20131594
20133201
20135130
20136859
20138484
20142402
20146057
20150269
20154404
20160119
20162963
20165333
20166640
20169131
20172071
20176397
20180010
20182227
20184362
20186339
20190176
20199464
20208180
20217500
20220411
20230407
20232824
20237661
20247404
20250907
20255246
20260255
20263072
20265899
20268597
20271694
20274989
20281035
20289340
20296324
20299928
20303709
20309267
20315124
20326987
20336409
20341183
20345173
20352417
20360888
20368044
20370155
20372597
20375394
20378340
20381056
20384461
20388226
20392321
20400625
20406493
20412954
20416059
20419290
20428942
20435506
20437483
20439471
20444665
20461662
20468143
20474179
20480863
20491088
20497019
20500966
20503571
20505688
20508709
20511472
20515129
20518066
20521407
20522834
20524458
20526023
20527933
20529825
20531779
20533557
20534929
20536767
20538423
20540540
20542856
20544913
20546947
20548357
20550343
20552358
20554008
20555597
20557281
20559126
20561142
20564767
20568851
20571043
20574083
20575986
20579472
20581751
20584706
20587146
20588664
20590033
20591484
20594535
20601634
20608519
20610060
20611844
20615194
20617044
20618480
20621904
20625254
20627731
20629066
20631664
20635539
20640343
20648927
20651172
20653335
20655524
20660487
20673322
20674851
20676543
20678473
20682235
20686772
20697641
20703042
20708823
20715745
20729846
20741265
20744207
20747152
20749133
20751584
20753478
20757047
20762362
20766902
20768965
20771308
20773872
20777513
20779522
20781349
20784419
20790754
20795077
20798597
20801906
20807697
20814901
20820641
20826015
20832452
20834480
20836314
20838746
20840777
20843507
20845232
20846757
20848482
20850173
20853163
20855336
20860409
20863114
20869871
20871722
20873121
20874958
20876958
20879991
20882778
20885545
20890053
20892594
20895299
20897998
20900591
20903495
20906192
20908754
20910837
20912688
20915416
20916984
20918363
20921694
20923607
20926314
20928949
20950876
20953091
20954502
20956392
20958218
20960187
20962166
20963456
20964787
20966144
20967721
20969223
20970721
20975434
20977770
20983899
20985554
20988611
20990189
20991626
20995520
20997233
20999309
21001968
21003737
21006727
21008717
21012614
21014936
21017137
21020109
21022902
21024605
21027879
21031595
21034906
21036908
21040224
21045785
21051148
21057997
21061530
21066706
21069369
21072650
21075178
21080223
21084562
21087793
21091052
21097999
21102193
21105729
21112684
21116230
21118442
21122787
21135158
21143092
21152811
21170423
21182954
21193160
21198373
21210234
21219131
21225851
21229907
21236282
21242902
21249052
21253414
21257752
21271380
21281595
21289097
21299855
21308527
21318646
21327734
21335528
21343162
21347682
21351477
21355076
21360765
21371409
21381698
21400147
21411801
21427135
21438213
21441891
21446346
21452557
21454131
21459111
21461816
21465916
21473896
21483593
21486684
21489019
21491077
21494560
21498010
21501635
21505633
21507864
21509721
21513580
21519699
21523525
21528031
21531133
21533126
21534759
21539303
21544030
21548567
21552549
21554644
21556695
21558799
21560771
21562415
21564017
21567198
21570032
21573184
21575585
21579843
21582429
21586658
21590387
21593441
21595483
21598462
21601384
21605305
21608159
21610418
21617761
21620641
21624798
21628612
21633933
21637191
21638768
21641136
21643416
21645171
21648815
21654297
21657787
21662625
21665972
21670557
21675303
21679061
21683755
21688892
21690360
21691675
21693317
21694840
21696474
21699410
21702480
21706686
21710544
21714002
21717740
21720842
21722576
21725998
21728228
21731854
21734767
21736290
21739165
21740936
21746364
21747657
21749066
21751076
21752803
21754591
21756213
21757937
21759330
21760750
21762557
21765387
21767051
21768748
21770229
21772126
21773842
21775255
21778486
21780212
21782334
21783938
21786188
21790702
21794288
21803461
21805042
21807103
21809520
21811822
21813599
21815409
21820001
21823619
21828592
21831876
21833548
21835218
21837418
21839032
21841456
21843187
21845147
21848253
21852716
21855842
21858328
21860766
21863854
21869311
21870952
21873872
21876678
21878533
21882806
21887478
21892177
21897020
21900234
21904243
21908068
21912118
21914601
21917315
21924220
21926165
21931424
21933577
21940529
21950749
21954435
21959998
21964903
21969888
21974669
21983252
21989043
21997702
22004252
22010484
22018279
22025361
22036446
22042937
22050761
22056742
22065289
22072897
22080916
22086897
22095250
22099143
22102852
22106812
22120458
22128240
22130499
22137848
22144016
22149497
22155390
22160661
22164555
22171160
22179529
22193621
22200311
22206500
22213126
22216553
22223453
22230793
22235029
22239322
22309980
22313123
22316569
22320653
22325284
22332935
22338683
22343530
22348327
22352541
22357664
22362786
22366686
22370682
22376482
22387544
22403868
22406796
22419356
22426921
22434426
22443346
22457471
22466555
22475152
22490040
22504073
22513841
22523000
22536152
22542542
22548075
22551388
22554648
22557304
22560941
22566102
22576071
22584478
22589443
22593571
22601754
22613115
22619604
22626836
22634233
22644667
22649968
22653047
22655651
22664277
22667356
22672176
22680869
22684788
22691406
22696037
22701134
22709994
22713062
22720545
22729244
22734400
22741013
22742757
22744508
22746212
22748377
22752060
22755213
22758591
22761143
22764654
22767445
22771109
22776434
22790010
22794853
22797853
22801410
22804562
22807443
22809051
22811643
22814686
22817957
22820647
22822900
22825858
22828083
22832378
22834489
22836771
22839238
22844073
22847966
22853072
23124688
23127232
23130095
23133330
23136266
23140237
23144613
23148496
23150351
23152317
23154944
23156482
23159311
23167102
23170316
23173210
23175528
23179004
23183408
23184942
23186463
23193771
23202298
23207146
23210299
23216806
23222709
23232734
23235712
23238411
23240180
23241938
23245071
23248093
23251088
23253171
23255648
23259488
23273710
23281248
23287352
23292852
23303938
23311687
23322372
23328937
23334136
23342915
23354834
23361818
23369495
23378933
23764076
23846704
23850741
23855405
23858439
23866331
23873132
23877047
23888559
23894248
23900011
23904554
23912445
23916301
23923228
23928959
23940896
23952069
23958980
23965904
23969264
23980271
23996581
24009733
24019072
24024801
24154541
24156260
24158314
24160969
24163606
24165626
24167392
24170333
24173138
24175841
24177354
24180562
24183996
24186496
24192844
24194212
24200097
24203298
24205243
24208148
24211220
24213748
24215916
24218237
24220580
24222696
24305314
24307910
24313873
24322251
24332122
24333723
24335973
24337889
24339285
24341155
24342784
24348961
24355368
24363471
24369236
24372895
24377301
24383766
24389203
24394076
24402134
24404375
24413675
24426943
24432397
24441656
24446449
24453193
24457715
24472460
24489226
24502660
24517823
24535922
24545602
24652427
24665595
24679101
24687166
24690722
24693396
24698046
24702013
24703597
24706299
24711587
24770660
24774831
24778453
24782416
24788735
24793168
24798978
24801715
24804584
24809091
24811246
24813440
24818711
24821250
24823841
24827795
24832124
24837304
24842583
24847225
24854174
24858361
24863317
24867646
24872916
24877536
24879883
24884528
24889645
24894312
24899411
24905169
24911619
24916763
24921748
24923798
24930370
24940125
24949654
24956613
24961043
24964057
24969755
24973846
24976262
24981736
24990004
24998494
25006851
25013166
25018507
25025125
25036472
25043419
25049687
25057559
25064398
25071033
25087933
25099184
25121546
25131183
25137376
25148430
25153300
25162573
25170357
25178091
25183233
25187582
25192070
25195512
25203407
25211194
25216432
25218985
25222832
25226304
25228776
25231302
25236722
25241307
25243756
25247501
25253972
25257466
25259889
25263612
25267872
25274135
25278693
25283080
25289231
25294173
25299044
25303280
25306877
25310916
25315649
25332325
25334752
25338051
25340546
25343141
25346693
25351080
25355957
25360876
25364375
25367964
25372504
25375118
25378841
25410383
25411930
25413453
25415846
25420358
25425824
25431384
25439578
25443114
25448302
25454019
25459565
25464020
25467947
25470031
25472135
25476237
25482482
25489245
25494502
25497117
25500718
25507108
25510492
25512993
25952339
25955783
25958442
25961441
25964581
25967677
25972228
25976843
25983190
25988348
25992576
25999021
26003398
26006512
26012385
26016214
26020851
26024493
26026371
26028785
26030298
26163570
26165853
26168812
26173853
26176776
26180289
26184523
26190278
26194216
26199752
26203278
26206503
26207875
26210928
26218021
26255374
26257831
26260234
26264473
26268128
26272163
26276227
26282884
26286582
26292058
26295393
26301935
26304119
26307929
26312505
26318887
26327167
26332534
26337210
26339155
26340917
26342989
26345890
26349552
26352606
26356082
26359402
26363258
26366102
26368602
26377022
26380510
26383506
26386632
