226
239
243
272
276
279
323
327
378
382
385
449
454
458
531
536
540
621
626
630
717
722
727
818
823
828
925
930
935
1039
1044
1049
1153
1157
1162
1261
1265
1270
1372
1376
1381
1479
1483
1488
1579
1583
1588
1672
1676
1681
1758
1762
1767
1837
1840
1845
1905
1908
1913
1967
1970
1975
2023
2025
2030
2067
2072
2105
2110
2139
2144
2167
2171
2190
2194
2209
2213
2383
2386
2400
2404
2435
2439
2442
2486
2491
2495
2550
2555
2559
2630
2635
2639
2733
2738
2743
2852
2857
2862
2987
2992
2997
3132
3137
3142
3292
3297
3303
3460
3465
3471
3633
3638
3644
3812
3817
3823
3994
3999
4005
4175
4180
4186
4355
4360
4366
4526
4530
4536
4686
4690
4696
4841
4845
4851
4982
4986
4992
5118
5121
5127
5244
5247
5253
5365
5367
5373
5467
5473
5561
5567
5647
5653
5719
5724
5782
5787
